
0,33.00
0,33.00
1,33.10
1,33.10
1,33.10
1,33.10
2,33.10
2,33.10
2,33.10
2,33.10
3,33.10
3,33.10
3,33.20
3,33.20
4,33.20
4,33.20
4,33.20
4,33.20
5,33.20
5,33.20
5,33.20
5,33.20
6,33.30
6,33.30
6,33.30
6,33.30
7,33.30
7,33.30
7,33.30
7,33.30
8,33.30
8,33.30
8,33.30
14,33.30
14,33.40
14,33.40
15,33.40
15,33.40
15,33.40
15,33.40
15,33.40
15,33.40
15,33.40
15,33.40
16,33.40
16,33.40
16,33.40
16,31.70
16,31.70
16,31.60
16,31.60
16,31.60
16,31.60
17,31.60
17,31.60
17,31.50
17,31.50
17,31.50
17,31.40
18,31.40
18,31.40
18,31.40
18,31.40
18,31.30
18,31.30
18,31.30
18,31.30
19,31.30
19,31.30
19,31.30
19,31.30
19,31.30
19,31.30
19,31.30
19,31.30
19,31.30
20,31.30
20,31.30
20,31.30
20,31.30
20,31.40
21,31.40
21,31.40
21,31.40
21,31.50
22,31.50
22,31.60
22,31.60
22,31.60
23,31.60
23,31.60
23,31.70
23,31.70
24,31.80