
0,33.90
1,33.90
1,33.90
2,33.90
3,33.90
3,33.90
4,33.90
5,33.90
5,33.90
6,33.90
7,33.90
7,33.90
8,33.90
9,33.90
9,33.90
10,33.90
11,33.90
11,33.90
12,33.90
13,33.90
13,33.90
14,33.90
15,33.90
15,33.90
16,33.90
16,33.90
17,33.90
18,33.90
18,33.90
19,33.90
19,33.90
20,33.90
21,33.90
21,33.90
22,33.90
23,33.90
23,33.90
24,33.90
24,33.90
25,34.00
26,33.90
26,33.90
27,34.00
28,34.00
28,33.90
29,33.90
29,34.00
30,33.90
31,33.90
31,34.00
32,34.00
32,34.00
33,34.00
34,34.00
34,34.00
35,34.00
35,34.00
36,34.00
37,34.00
37,34.00
38,34.00
38,34.00
39,34.00
40,34.00
40,34.00
41,34.00
42,34.00
42,34.00
43,34.00
43,34.00
44,34.00
45,34.00
45,34.00
46,34.00
47,34.00
47,34.00