
1291,48
1292,49
1293,50
1294,51
1294,52
1295,53
1296,54
1296,55
1297,56
1298,57
1299,58
1299,59
1300,60
1301,61
1301,62
1302,63
1303,64
1303,65
1304,66
1305,67
1305,68
1306,69
1307,70
1307,71
1308,72
1308,73
1309,74
1310,75
1310,76
1311,77
1312,78
1312,79
1313,80
1314,81
1314,82
1315,83
1316,84
1316,85
1317,86
1318,87
1318,88
1319,89
1320,90
1320,91
1321,92
1322,93
1323,7
1323,8
1324,9
1325,10
1325,11
1326,12
1327,13
1327,14
1328,15
1328,16
1329,17
1330,18
1330,19
1331,20
1332,21
1332,22
1333,23
1334,24
1335,25
1335,26
1336,27
1337,28
1337,29
1338,30
1339,31
1339,32
1340,33