
460,147
460,148
461,149
462,150
462,151
463,152
464,153
464,154
465,155
466,156
467,157
467,158
468,159
469,160
469,161
470,162
471,163
471,164
472,165
473,166
473,167
474,168
475,169
475,170
476,171
477,172
477,173
478,174
479,6
479,7
480,8
481,9
481,10
482,11
483,12
483,13
484,14
485,15
485,16
486,17
487,18
487,19
488,20
489,21
489,22
490,23
491,24
491,25
492,26
493,27
493,28
494,29
495,30
495,31
496,32
497,33
497,34
498,35
499,36
500,37
500,38
501,39
502,40
502,41
503,42
504,43
504,44
505,45