
0,96000
1,95000
2,94000
2,93000
3,92000
4,91000
4,90000
5,89000
6,88000
6,87000
7,86000
8,85000
8,84000
9,83000
10,82000
10,81000
11,80000
12,79000
12,78000
13,77000
14,76000
14,75000
15,74000
16,73000
16,72000
17,71000
17,70000
18,69000
19,68000
19,67000
20,66000
20,65000
21,64000
22,63000
22,62000
23,61000
24,60000
24,59000
25,58000
26,57000
26,56000
27,55000
28,54000
28,53000
29,52000
30,51000
30,50000
31,49000
32,48000
32,47000
33,46000
33,45000
34,44000
34,43000
35,42000
36,41000
36,40000
37,39000
38,38000
38,37000
39,36000
39,35000
40,34000
41,33000
41,32000
42,31000
43,30000
43,29000
44,28000
45,27000
45,26000
46,25000
46,24000
47,23000
48,22000
48,21000
49,20000
50,19000
50,18000
51,17000
52,16000
52,15000
53,14000
54,13000
55,12000
55,11000
56,10000
57,9000
57,8000
58,7000
58,6000
59,5000
60,4000
60,3000
61,2000
62,1000
62,100000
63,99000
64,98000
64,97000
65,96000
66,95000
66,94000
67,93000
68,92000
68,91000
69,90000
70,89000
70,88000
71,87000
72,86000
72,85000
73,84000
74,83000
74,82000
75,81000
75,80000
76,79000
77,78000
77,77000
78,76000
79,75000
79,74000
80,73000
81,72000
81,71000
82,70000
83,69000
83,68000
84,67000
85,66000
86,65000
86,64000
87,63000
88,62000
88,61000
89,60000
90,59000
90,58000
91,57000
92,56000
92,55000
93,54000
94,53000
94,52000
95,51000
96,50000
96,49000
97,48000
98,47000
98,46000
99,45000
100,44000
101,43000
101,42000
102,41000
103,40000
103,39000
104,38000
105,37000
105,36000
106,35000
107,34000
108,33000
108,32000
109,31000
110,30000
110,29000
111,28000
112,27000
112,26000
113,25000
114,24000
114,23000
115,22000
116,21000
116,20000
117,19000
118,18000
118,17000
119,16000
120,15000
120,14000
121,13000
122,12000
122,11000
123,10000
124,9000
124,8000
125,7000
126,6000
126,5000
127,4000
128,3000
128,2000
129,1000
130,100000
130,99000
131,98000
132,97000
132,96000
133,95000
134,94000
134,93000
135,92000
136,91000
136,90000
137,89000
138,88000
138,87000
139,86000
139,85000
140,84000
141,83000
141,82000
142,81000
143,80000
143,79000
144,78000
145,77000
145,76000
146,75000
147,74000
147,73000
148,72000
149,71000
149,70000
150,69000
151,68000
151,67000
152,66000
153,65000
153,64000
154,63000
155,62000
155,61000
156,60000
157,59000
157,58000
158,57000
158,56000
159,55000
160,54000
160,53000
161,52000
162,51000
162,50000
163,49000
164,48000
164,47000
165,46000
166,45000
166,44000
167,43000
168,42000
168,41000
169,40000
169,39000
170,38000
171,37000
171,36000
172,35000
173,34000
173,33000
174,32000
175,31000
175,30000
176,29000
177,28000
177,27000
178,26000
179,25000
179,24000
180,23000
181,22000
181,21000
182,20000
183,19000
183,18000
184,17000
185,16000
185,15000
186,14000
186,13000
187,12000
188,11000
188,10000
189,9000
190,8000
190,7000
191,6000
192,5000
192,4000
193,3000
194,2000
194,1000
195,100000
196,99000
197,98000
197,97000
198,96000
199,95000
199,94000
200,93000
201,92000
201,91000
202,90000
203,89000
203,88000
204,87000
205,86000
205,85000
206,84000
207,83000
208,82000
208,81000
209,80000
210,79000
210,78000
211,77000
212,76000
212,75000
213,74000
214,73000
214,72000
215,71000
216,70000
216,69000
217,68000
218,67000
218,66000
219,65000
220,64000
221,63000
221,62000
222,61000
223,60000
223,59000
224,58000
225,57000
225,56000
226,55000
227,54000
227,53000
228,52000
229,51000
229,50000
230,49000
231,48000
231,47000
232,46000
233,45000
233,44000
234,43000
235,42000
235,41000
236,40000
237,39000
237,38000
238,37000
239,36000
239,35000
240,34000
241,33000
241,32000
242,31000
243,30000
243,29000
244,28000
245,27000
245,26000
246,25000
247,24000
247,23000
248,22000
249,21000
249,20000
250,19000
251,18000
251,17000
252,16000
253,15000
253,14000
254,13000
255,12000
255,11000
256,10000
257,9000
258,8000
258,7000
259,6000
260,5000
260,4000
261,3000
262,2000
262,1000
263,100000
264,99000
264,98000
265,97000
266,96000
266,95000
267,94000
268,93000
268,92000
269,91000
270,90000
270,89000
271,88000
272,87000
272,86000
273,85000
274,84000
274,83000
275,82000
276,81000
276,80000
277,79000
278,78000
278,77000
279,76000
279,75000
280,74000
281,73000
281,72000
282,71000
283,70000
283,69000
284,68000
284,67000
285,66000
286,65000
286,64000
287,63000
288,62000
288,61000
289,60000
290,59000
290,58000
291,57000
292,56000
292,55000
293,54000
294,53000
294,52000
295,51000
296,50000
296,49000
297,48000
298,47000
298,46000
299,45000
300,44000
300,43000
301,42000
302,41000
302,40000
303,39000
304,38000
304,37000
305,36000
306,35000
306,34000
307,33000
308,32000
308,31000
309,30000
310,29000
310,28000
311,27000
312,26000
312,25000
313,24000
313,23000
314,22000
315,21000
316,20000
316,19000
317,18000
317,17000
318,16000
319,15000
319,14000
320,13000
321,12000
321,11000
322,10000
323,9000
323,8000
324,7000
325,6000
325,5000
326,4000
327,3000
327,2000
328,1000
329,100000
329,99000
330,98000
331,97000
331,96000
332,95000
333,94000
333,93000
334,92000
335,91000
335,90000
336,89000
336,88000
337,87000
338,86000
339,85000
339,84000
340,83000
340,82000
341,81000
342,80000
342,79000
343,78000
344,77000
344,76000
345,75000
346,74000
346,73000
347,72000
348,71000
348,70000
349,69000
350,68000
350,67000
351,66000
352,65000
352,64000
353,63000
354,62000
354,61000
355,60000
356,59000
356,58000
357,57000
358,56000
358,55000
359,54000
360,53000
360,52000
361,51000
362,50000
362,49000
363,48000
364,47000
364,46000
365,45000
366,44000
366,43000
367,42000
368,41000
368,40000
369,39000
369,38000
370,37000
371,36000
372,35000
372,34000
373,33000
373,32000
374,31000
375,30000
375,29000
376,28000
377,27000
377,26000
378,25000
379,24000
379,23000
380,22000
381,21000
381,20000
382,19000
383,18000
384,17000
384,16000
385,15000
386,14000
386,13000
387,12000
388,11000
388,10000
389,9000
390,8000
391,7000
391,6000
392,5000
393,4000
393,3000
394,2000
395,1000
395,100000
396,99000
397,98000
398,97000
398,96000
399,95000
400,94000
400,93000
401,92000
402,91000
402,90000
403,89000
404,88000
404,87000
405,86000
406,85000