
1407,34
1408,35
1408,36
1409,37
1410,38
1410,39
1411,40
1412,41
1412,42
1413,43
1414,44
1414,45
1415,46
1416,47
1416,48
1417,49
1418,50
1418,51
1419,52
1420,53
1420,54
1421,55
1422,56
1422,57
1423,58
1423,59
1424,60
1425,61
1425,62
1426,63
1426,64
1427,65
1428,66
1428,67
1429,68
1429,69
1430,70
1431,71
1431,72
1432,73
1433,74
1433,75
1434,76
1435,77
1435,78
1436,79
1437,80
1437,81
1438,82
1438,83
1439,84
1440,85
1440,86
1441,87
1441,88
1442,89
1443,90
1443,91
1444,92
1445,93
1445,94
1446,95
1446,96
1447,97
1448,98
1448,99
1449,100
1450,101
1450,102
1451,103
1452,104
1452,105
1453,106
1454,107
1454,108
1455,109
1455,110
1456,111
1457,112
1457,113
1458,114
1459,115
1459,116
1460,117
1461,118
1461,119
1462,120
1463,121
1463,122
1464,123
1465,124
1465,125
1466,126
1466,127
1467,128
1468,129
1468,130
1469,131
1470,132
1470,133
1471,134
1471,135