
1408,0.8625
1409,1.75
1409,nan
1410,nan
1411,nan
1411,nan
1412,nan
1413,nan
1413,nan
1414,nan
1414,nan
1415,nan
1416,nan
1416,nan
1417,nan
1418,nan
1418,nan
1419,nan
1420,nan
1420,nan
1421,nan
1422,nan
1422,nan
1423,nan
1423,nan
1424,nan
1425,nan
1425,nan
1426,nan
1427,nan
1427,nan
1428,nan
1428,nan
1429,nan
1430,nan
1430,nan
1431,nan
1432,nan
1432,nan
1433,nan
1434,nan
1434,nan
1435,nan
1435,nan
1436,nan
1437,nan
1437,nan
1438,nan
1439,nan
1439,nan
1440,nan
1440,nan
1441,nan
1442,nan
1442,nan
1443,nan
1443,nan
1444,nan
1445,nan
1445,nan
1446,nan
1447,nan
1447,nan
1448,nan
1448,nan
1449,nan
1450,nan
1450,nan
1451,nan
1452,nan
1452,nan
1453,nan
1454,nan
1454,nan
1455,nan
1456,nan
1456,nan
1457,nan
1458,nan
1458,nan
1459,nan
1460,nan
1460,nan
1461,nan
1462,nan
1462,nan
1463,nan
1464,nan
1464,nan
1465,nan
1465,nan
1466,nan
1467,nan
1467,nan
1468,nan
1468,nan
1469,nan
1470,nan
1470,nan
1471,nan
1472,nan