
497,14
497,15
498,16
499,17
500,18
500,19
501,20
502,21
502,22
503,23
503,24
504,25
505,26
505,27
506,28
507,29
507,30
508,31
509,32
510,33
510,34
511,35
512,36
512,37
513,38
513,39
514,40
515,41
515,42
516,43
517,44
517,45
518,46
518,47
519,48
520,49
521,50
521,51
522,52
522,53
523,54
524,55
524,56
525,57
526,58
526,59
527,60
528,61
528,62
529,63
530,64
530,65
531,66
531,67
532,68
533,69
533,70
534,71
535,72
535,73
536,74
537,75
537,76
538,77
539,78
539,79
540,80
541,81
541,82
542,83
543,84
543,85
544,86
545,87
545,88
546,89